100
1264969
6865010
9682616
86293
7762723
3910981
8248729
9999997
2196613
9309119
592432
8
4461643
9999162
6735763
9999995
4461641
6704676
7203246
9987391
5
5103067
5388168
9999161
10000000
1862603
2295773
4046177
5001361
4
5331653
11
8460583
9971849
6697461
9999930
2044523
3855409
9299449
10
6716541
9999999
9999998
9010879
3023326
6537523
4170220
9999931
4751053
9999991
8697851
559513
13
7783893
8603593
9999972
1281246
7
3132736
8184167
2872729
3877633
3702389
7742461
1750607
9
8237213
9999971
1481717
2896297
2
3323191
6513281
6987083
9516811
8873129
3410821
9325574
8291470
3
3929879
6463741
1144
12
3191803
9999973
1221469
390548
9999163
1
2360890
4936439
8763892
615403
9999996
140839
9999929
6
4461642
983469
